3336
9999
9998
7892
3160
1891
847
6837
9631
5665
9544
8719
2313
4439
6317
8205
9998
9998
9998
5438
7136
928
9999
6669
9365
9999 
4459
3642
575
2476
9998
2411
627
6183
172
3318
8429
9998
8793
121
6529
528
3850
7253
9998
5564
9998
9998
990
762
3987
2500
6485
7347
9999
7247
7056
922
9230
9999
6319
9998
1227
2684
9999
6868
9855
4075
9999
4500
9998
7398
9210
5790
9214
9998
6065
8900
9998
737
297
9998
5547
1082
7374
9998
6732
439
6634
4890
1962
7979
1257
9998
4242
6799
6256
185
9999
8683
9602
8492
727
7490
9999
332
6731
2387
9535
9999
9998
4812
8427
8340
5062
9895
5692
771
6075
9948
3021
9999
5165
9999
2036
9999
9998
3288
9999
9999
6631
9998
6900
8518
444
793
9245
2636
1794
9999
9998
9999
579
4225
3329
9999
8038
9999
825
5195
9289
9736
6633
149
8258
3789
9999
1964
5489
9999
5687
5035
9998
3593
9998
2469
3534
3044
5586
5054
9999
7414
9993
3226
2016
1076
5126
6756
9998
2774
4298
4498
3333
997
4353
1577
3264
8552
9999
1885
7047
9262
9453
5337
8412
5197
9999
8854
9542
5399
7836
1067
2230
9964
1867
4198
2178
9998
7197
385
2128
9391
1011
4774
9998
541
5090
5477
5664
147
9358
4281
9999
2369
7173
189
9999
319
776
9448
5128
9998
4585
8672
1379
9999
9998
9510
7972
5241
1682
2410
1525
149
9998
4285
9999
4575
8279
1382
5939
84
7750
5891
3421
518
4953
9998
9999
9998
4805
9998
4336
8163
5612
9999
4209
2623
9078
7547
6379
8627
3518
7749
1784
2882
9999
7770
5757
7548
3265
9999
7014
6130
8527
7320
7100
449
4955
1877
8659
1894
2378
8817
3625
1738
8633
5448
910
6671
3957
6188
35
945
2656
4704
9998
9998
5691
9999
9524
2797
1558
6916
9998
1003
9938
9999
9980
9998
8820
4915
9999
9999
3880
9999
6589
2023
3035
235
9999
1083
723
5850
5413
964
8594
5014
575
720
6740
5895
5466
6917
3769
9125
5002
5371
8075
9370
1861
9570
6464
9999
9998
1216
7929
9998
2022
9233
9999
411
9787
6370
9999
9998
9999
481
194
9007
9998
89
4252
2517
2729
9998
5142
5762
4641
9999
1943
9097
4487
1612
3194
4745
2669
2416
1122
8067
9236
9998
9998
8825
1153
5626
3937
878
6275
8840
2467
8179
3779
3261
3909
7239
2627
1248
9998
4860
5035
6614
9998
69
9760
2822
8819
1504
8290
4270
2052
1113
1743
9998
1679
5720
6758
1959
1388
5246
5676
1902
9998
7256
83
6085
6171
27
8228
6663
6316
3479
9998
6775
2535
4346
1950
2793
8464
6307
8953
5795
9999
812
9999
8467
2556
5790
668
1045
9999
5242
5759
3720
4622
5871
5991
9998
9171
6034
6534
9998
1451
3403
9999
9931
6477
3806
4598
1144
8765
5899
5350
9999
9999
6478
4942
8477
9999
9368
5826
8117
782
1197
7083
5493
8060
3690
3984
3177
